70
7
96
28
41
11
91
75
82
24
39
32
61
31
89
18
75
81
82
16
98
51
7
6
40
52
87
89
34
31
97
68
84
41
96
68
30
37
60
94
99
11
4
76
39
79
91
67
0
9
24
69
78
90
56
75
20
24
87
17
55
46
27
93
61
23
54
22
26
90
20
98
43
84
52
84
53
90
59
5
70
30
19
69
95
77
99
11
41
39
36
14
14
22
27
58
85
68
42
98
70
65
46
75
35
90
27
83
31
21
23
49
48
5
13
54
86
21
97
34
56
69
50
16
71
56
40
70
11
26
84
1
24
71
14
81
14
5
9
1
40
91
43
55
51
70
19
32
29
81
8
31
25
13
36
59
55
68
19
18
87
0
55
45
62
10
0
31
25
64
81
39
66
29
37
26
63
81
81
41
86
82
19
7
27
25
4
51
8
29
67
58
42
89
12
64
14
61
5
90
79
65
44
87
44
70
55
63
27
62
26
2
51
70
90
34
39
83
40
53
71
75
0
49
52
90
39
69
86
29
16
29
41
86
2
47
90
94
12
66
63
9
56
60
10
32
22
11
84
93
53
40
61
39
74
48
4
75
72
52
0
64
45
49
3
57
83
10
84
6
33
18
20
61
29
86
9
82
34
23
74
37
86
8
24
64
37
71
3
37
51
34
10
66
44
62
4
68
87
32
2
97
60
20
53
68
70
88
70
28
58
77
35
56
53
69
46
98
58
85
68
6
99
13
78
26
46
27
0
92
77
17
64
68
11
64
83
64
82
46
35
14
98
27
60
70
88
83
45
66
60
31
20
34
69
55
26
60
82
17
96
57
82
41
14
22
58
6
38
19
35
76
50
86
11
2
72
35
68
86
91
75
12
93
22
51
69
87
65
65
45
80
44
11
58
9
60
15
3
69
73
59
39
86
10
57
88
81
93
7
97
55
42
46
45
14
47
36
22
21
74
76
53
68
35
50
97
59
26
92
32
9
17
37
75
65
74
37
81
74
27
58
22
53
84
66
79
31
98
69
34
1
83
42
64
72
45
29
6
37
84
17
52
4
1
81
87
87
24
49
7
38
7
15
61
39
51
87
58
8
64
37
95
63
91
98
61
44
12
50
27
66
62
28
68
48
73
59
79
42
87
34
53
61
88
24
40
43
89
38
2
80
37
74
66
75
73
72
61
42
93
68
74
6
36
23
38
89
35
51
2
97
15
75
71
26
83
99
16
97
57
78
36
96
76
66
23
46
19
77
59
64
83
86
79
89
74
42
20
52
4
81
57
36
76
4
5
98
20
66
65
91
70
68
95
24
33
62
85
99
56
72
99
42
15
65
32
36
1
72
1
57
19
1
20
52
1
14
76
80
94
35
74
86
78
27
48
3
49
38
22
26
84
45
21
34
84
10
35
37
87
73
98
44
69
38
67
95
36
0
91
1
5
31
76
7
36
24
33
18
44
91
24
55
3
89
38
42
87
43
66
38
69
22
26
64
53
42
17
39
56
43
46
29
82
43
27
77
12
30
36
53
73
78
64
54
73
48
84
86
99
37
91
66
92
14
1
98
5
39
95
47
29
78
29
92
93
65
35
92
85
21
28
83
40
26
69
27
38
20
18
87
14
40
90
65
74
85
87
78
33
59
93
95
59
74
13
1
33
90
72
88
37
94
70
45
87
42
77
67
82
76
53
21
4
64
41
95
68
12
73
47
50
48
11
19
2
5
69
72
15
21
77
41
75
76
5
70
95
62
14
96
85
81
79
72
22
57
38
8
71
54
18
18
63
55
89
47
34
26
2
39
82
48
32
28
47
95
57
36
58
61
49
60
27
77
7
63
3
46
58
53
37
84
70
62
73
60
74
63
79
82
46
32
11
74
82
31
97
96
10
61
72
33
74
66
36
88
29
31
12
9
37
65
0
29
69
17
68
79
88
24
45
36
83
28
53
22
6
52
65
26
13
45
33
48
52
6
20
12
34
80
97
24
91
63
74
78
88
92
87
8
56
9
17
73
17
94
13
50
83
94
63
6
45
5
71
64
9
49
75
56
20
33
29
45
67
61
97
94
54
86
74
31
5
81
1
67
70
27
54
20
32
37
55
19
10
57
85
19
71
5
45
89
18
59
53
90
22
10
79
65
56
13
47
95
26
2
54
41
0
99
53
53
30
73
61
2
8
65
53
50
63
8
23
53
53
49
84
28
84
7
86
8
40
6
59
74
82
92
24
76
70
89
29
14
37
2
69
78
68
44
51
61
48
21
59
96
87
9
