79
25
41
15
12
13
91
20
6
70
50
43
25
34
51
57
88
45
48
64
59
23
37
34
80
65
59
93
95
60
92
28
21
51
14
17
3
79
30
91
1
60
53
32
77
14
25
77
30
61
81
55
97
63
87
83
43
53
83
73
39
6
55
28
0
95
70
77
26
38
40
19
85
19
68
72
2
45
28
55
62
87
36
74
38
75
83
10
57
39
62
77
30
20
47
40
78
71
49
63
94
4
18
95
94
22
3
23
36
19
16
66
48
99
96
64
30
23
88
59
86
72
0
3
89
19
15
15
64
43
7
51
50
35
40
83
44
81
7
48
97
4
17
74
88
39
82
46
28
67
20
99
58
51
55
1
31
31
70
97
51
82
97
56
99
40
58
19
63
25
39
4
98
48
34
31
46
25
93
12
65
7
65
65
29
53
89
91
69
71
79
95
93
68
66
11
89
72
80
91
35
65
0
34
89
15
60
34
14
21
57
57
12
50
0
49
75
65
69
82
23
85
11
83
68
66
70
0
27
5
33
55
56
70
80
67
42
60
7
93
24
50
58
86
30
34
61
34
40
39
27
50
52
24
26
47
86
11
25
58
57
36
86
96
42
71
25
55
0
33
71
74
28
36
41
10
54
85
99
87
33
84
80
95
72
83
40
90
13
68
8
98
32
81
79
37
97
89
62
17
44
97
0
48
98
68
77
10
41
76
16
77
16
95
82
88
88
40
80
12
83
52
18
43
16
83
64
90
37
87
96
86
66
91
89
63
38
97
10
46
38
40
2
1
30
21
60
54
52
37
59
93
30
19
36
46
0
84
77
83
34
85
26
38
12
40
39
23
4
68
76
34
62
3
42
68
87
9
15
89
47
19
85
69
0
74
24
3
73
99
85
56
49
20
12
0
65
44
94
41
96
60
36
65
52
86
43
53
31
95
69
12
38
30
66
16
27
40
48
6
94
83
97
29
32
43
30
77
15
3
82
43
58
89
37
92
85
93
35
68
67
16
29
72
4
90
21
43
18
49
87
50
23
85
85
3
92
30
17
45
70
41
42
55
2
56
47
10
65
32
16
73
73
76
75
60
42
99
96
69
12
50
86
68
62
82
13
48
50
38
8
43
95
10
55
43
36
0
7
12
